    BN  -79.20597437	-79.2016	0.0003	  -79.20331193	  -79.20554682   -79.2030     0.0007 
    B2  -49.27052714	-49.2703	0.0001	  -49.27227087	  -49.27384491   -49.2657     0.0003    
    C2  -75.72647775	-75.7239	0.0002	  -75.72512044	  -75.72771005   -75.7320     0.0006    
  Cl2O  -994.2163018	-994.2181	0.0001	  -994.21674      -994.2184489   -994.2192	  0.0003
  ClF3  -758.2800536	-758.2834	0.0002	  -758.2808	      -758.283304    -758.2896    0.0004
  OClO  -609.5055511	-609.5073	0.0003	  -609.50591      -609.5086808   -609.5099	  0.0004
   F2O  -274.0716236	-274.0736	0.0002	  -274.0721846	  -274.0745163   -274.0754	  0.0004
    OF  -174.4980385	-174.49914	0.00009	  -174.4991431	  -174.5001424   -174.5005	  0.0002
    S3  -1192.993221	-1192.9958	0.0002	  -1192.9942896	  -1192.996996   -1192.9958	  0.0002
    O3  -224.909286 	-224.9128	0.0003	  -224.9094075	  -224.9147591   -224.91580	  0.0003
  ClOO  -609.57907	    -609.5844	0.0002   -609.58164      -609.58568     -609.58540	  0.0003
   FO2  -249.51577	    -249.5208	0.0003   -249.51757      -249.52168     -249.52380	  0.0003
    S4  -1590.67082	    -1590.6767	0.0003   -1590.67150     -1590.67690    -1590.67840   0.0003
ClOOCl  -1069.18631	    -1069.1891	0.0002   -1069.18686     -1069.18970    -1069.19200   0.0004
  ClF5  -957.35520	    -957.3607	0.0003   -957.35607      -957.36014     -957.36640	  0.0005
  F2O2  -349.05618	    -349.0601	0.0003   -349.05729      -349.06210     -349.06230	  0.0003
  ClO3  -684.41612	    -684.4175	0.0002   -684.41624      -684.41830     -684.41730	  0.0004
